              1   2.2070215544
              2   2.2070512961
              3   2.2071405280
              4   2.2072892716
              5   2.2074975622
              6   2.2077654493
              7   2.2080929970
              8   2.2084802832
              9   2.2089274005
             10   2.2094344557
             11   2.2100015702
             12   2.2106288800
             13   2.2113165355
             14   2.2120647023
             15   2.2128735605
             16   2.2137433054
             17   2.2146741475
             18   2.2156663125
             19   2.2167200418
             20   2.2178355923
             21   2.2190132368
             22   2.2202532641
             23   2.2215559794
             24   2.2229217043
             25   2.2243507772
             26   2.2258435534
             27   2.2274004056
             28   2.2290217241
             29   2.2307079169
             30   2.2324594103
             31   2.2342766490
             32   2.2361600965
             33   2.2381102358
             34   2.2401275692
             35   2.2422126192
             36   2.2443659286
             37   2.2465880612
             38   2.2488796019
             39   2.2512411576
             40   2.2536733574
             41   2.2561768534
             42   2.2587523208
             43   2.2614004591
             44   2.2641219920
             45   2.2669176686
             46   2.2697882638
             47   2.2727345791
             48   2.2757574430
             49   2.2788577123
             50   2.2820362721
             51   2.2852940376
             52   2.2886319540
             53   2.2920509980
             54   2.2955521785
             55   2.2991365374
             56   2.3028051511
             57   2.3065591309
             58   2.3103996248
             59   2.3143278179
             60   2.3183449344
             61   2.3224522380
             62   2.3266510341
             63   2.3309426703
             64   2.3353285385
             65   2.3398100761
             66   2.3443887675
             67   2.3490661460
             68   2.3538437954
             69   2.3587233515
             70   2.3637065045
             71   2.3687950006
             72   2.3739906441
             73   2.3792952998
             74   2.3847108949
             75   2.3902394218
             76   2.3958829402
             77   2.4016435799
             78   2.4075235435
             79   2.4135251094
             80   2.4196506348
             81   2.4259025585
             82   2.4322834048
             83   2.4387957868
             84   2.4454424101
             85   2.4522260763
             86   2.4591496879
             87   2.4662162520
             88   2.4734288850
             89   2.4807908174
             90   2.4883053989
             91   2.4959761038
             92   2.5038065364
             93   2.5118004370
             94   2.5199616886
             95   2.5282943228
             96   2.5368025274
             97   2.5454906537
             98   2.5543632241
             99   2.5634249409
            100   2.5726806946
            101   2.5821355738
            102   2.5917948746
            103   2.6016641117
            104   2.6117490289
            105   2.6220556119
            106   2.6325901000
            107   2.6433590004
            108   2.6543691020
            109   2.6656274910
            110   2.6771415670
            111   2.6889190604
            112   2.7009680512
            113   2.7132969886
            114   2.7259147124
            115   2.7388304755
            116   2.7520539684
            117   2.7655953452
            118   2.7794652513
            119   2.7936748541
            120   2.8082358743
            121   2.8231606214
            122   2.8384620303
            123   2.8541537022
            124   2.8702499473
            125   2.8867658317
            126   2.9037172283
            127   2.9211208709
            128   2.9389944138
            129   2.9573564952
            130   2.9762268074
            131   2.9956261719
            132   3.0155766214
            133   3.0361014891
            134   3.0572255063
            135   3.0789749079
            136   3.1013775493
            137   3.1244630325
            138   3.1482628452
            139   3.1728105136
            140   3.1981417696
            141   3.2242947349
            142   3.2513101241
            143   3.2792314687
            144   3.3081053645
            145   3.3379817460
            146   3.3689141899
            147   3.4009602531
            148   3.4341818491
            149   3.4686456664
            150   3.5044236381
            151   3.5415934663
            152   3.5802392111
            153   3.6204519535
            154   3.6623305419
            155   3.7059824372
            156   3.7515246690
            157   3.7990849225
            158   3.8488027770
            159   3.9008311203
            160   3.9553377700
            161   4.0125073370
            162   4.0725433749
            163   4.1356708676
            164   4.2021391186
            165   4.2722251203
            166   4.3462374984
            167   4.4245211489
            168   4.5074627149
            169   4.5954970844
            170   4.6891151396
            171   4.7888730474
            172   4.8954034605
            173   5.0094291041
            174   5.1317793620
            175   5.2634106641
            176   5.4054317316
            177   5.5591350846
            178   5.7260367048
            179   5.9079264216
            180   6.1069325678
            181   6.3256058478
            182   6.5670294272
            183   6.8349653308
            184   7.1340519309
            185   7.4700746081
            186   7.8503432944
            187   8.2842296037
            188   8.7839482092
            189   9.3657226646
            190  10.0515760413
            191  10.8721753709
            192  11.8715320939
            193  13.1151437839
            194  14.7049249234
            195  16.8085973605
            196  19.7230222506
            197  24.0281032644
            198  31.0296645193
            199  44.4126514981
            200  80.1914286976
            201 482.0350058930
            202 115.1280160131
            203  50.4364870328
            204  31.8837307756
            205  23.0878348861
            206  17.9567972843
            207  14.5967653012
            208  12.2272025883
            209  10.4676373655
            210   9.1104703315
            211   8.0328159795
            212   7.1573005573
            213   6.4327856336
            214   5.8241242499
            215   5.3063693728
            216   4.8613294286
            217   4.4754313283
            218   4.1383462961
            219   3.8420785491
            220   3.5803444836
            221   3.3481396372
            222   3.1414302030
            223   2.9569290710
            224   2.7919304231
            225   2.6441856478
            226   2.5118089182
            227   2.3932044101
            228   2.2870095545
            229   2.1920503596
            230   2.1073059569
            231   2.0318803141
            232   1.9649796013
            233   1.9058940834
            234   1.8539836801
            235   1.8086665236
            236   1.7694099721
            237   1.7357236318
            238   1.7071540016
            239   1.6832804093
            240   1.6637119486
            241   1.6480851681
            242   1.6360622988
            243   1.6273298489
            244   1.6215974268
            245   1.6185966915
            246   1.6180803578
            247   1.6198212091
            248   1.6236110945
            249   1.6292598985
            250   1.6365944865
            251   1.6454576322
            252   1.6557069417
            253   1.6672137850
            254   1.6798622498
            255   1.6935481273
            256   1.7081779412
            257   1.7236680255
            258   1.7399436568
            259   1.7569382445
            260   1.7745925793
            261   1.7928541397
            262   1.8116764565
            263   1.8310185319
            264   1.8508443109
            265   1.8711222021
            266   1.8918246442
            267   1.9129277154
            268   1.9344107815
            269   1.9562561802
            270   1.9784489378
            271   2.0009765159
            272   2.0238285847
            273   2.0469968214
            274   2.0704747296
            275   2.0942574791
            276   2.1183417638
            277   2.1427256752
            278   2.1674085907
            279   2.1923910745
            280   2.2176747913
            281   2.2432624291
            282   2.2691576330
            283   2.2953649464
            284   2.3218897610
            285   2.3487382735
            286   2.3759174485
            287   2.4034349876
            288   2.4312993040
            289   2.4595195016
            290   2.4881053592
            291   2.5170673185
            292   2.5464164764
            293   2.5761645804
            294   2.6063240289
            295   2.6369078727
            296   2.6679298217
            297   2.6994042536
            298   2.7313462257
            299   2.7637714901
            300   2.7966965109
            301   2.8301384857
            302   2.8641153683
            303   2.8986458956
            304   2.9337496173
            305   2.9694469277
            306   3.0057591021
            307   3.0427083356
            308   3.0803177850
            309   3.1186116153
            310   3.1576150492
            311   3.1973544207
            312   3.2378572330
            313   3.2791522211
            314   3.3212694188
            315   3.3642402309
            316   3.4080975112
            317   3.4528756465
            318   3.4986106458
            319   3.5453402382
            320   3.5931039766
            321   3.6419433507
            322   3.6919019077
            323   3.7430253830
            324   3.7953618416
            325   3.8489618295
            326   3.9038785391
            327   3.9601679864
            328   4.0178892039
            329   4.0771044489
            330   4.1378794302
            331   4.2002835535
            332   4.2643901882
            333   4.3302769582
            334   4.3980260581
            335   4.4677245983
            336   4.5394649817
            337   4.6133453157
            338   4.6894698630
            339   4.7679495361
            340   4.8489024401
            341   4.9324544688
            342   5.0187399624
            343   5.1079024314
            344   5.2000953571
            345   5.2954830769
            346   5.3942417656
            347   5.4965605250
            348   5.6026425959
            349   5.7127067092
            350   5.8269885940
            351   5.9457426662
            352   6.0692439214
            353   6.1977900634
            354   6.3317039012
            355   6.4713360569
            356   6.6170680309
            357   6.7693156816
            358   6.9285331867
            359   7.0952175642
            360   7.2699138499
            361   7.4532210434
            362   7.6457989593
            363   7.8483761504
            364   8.0617591013
            365   8.2868429380
            366   8.5246239534
            367   8.7762143182
            368   9.0428594343
            369   9.3259585038
            370   9.6270890287
            371   9.9480361481
            372  10.2908279640
            373  10.6577783328
            374  11.0515390301
            375  11.4751637758
            376  11.9321873882
            377  12.4267244087
            378  12.9635930263
            379  13.5484722078
            380  14.1881029031
            381  14.8905484535
            382  15.6655355769
            383  16.5249065979
            384  17.4832277002
            385  18.5586198316
            386  19.7739135292
            387  21.1582852207
            388  22.7496266912
            389  24.5980618979
            390  26.7713162017
            391  29.3631859133
            392  32.5074191101
            393  36.4015219491
            394  41.3498908835
            395  47.8474382352
            396  56.7562900802
            397  69.7239293046
            398  90.3411952090
            399 128.2061713719
            400 220.5173429390
            401 785.0140685131
            402 504.3659174381
            403 191.0332513867
            404 117.8971300473
            405  85.2926303254
            406  66.8377141225
            407  54.9644417006
            408  46.6852625317
            409  40.5831630958
            410  35.8995178713
            411  32.1914998786
            412  29.1832453940
            413  26.6939427928
            414  24.6001403763
            415  22.8146721093
            416  21.2742386822
            417  19.9317623355
            418  18.7515035048
            419  17.7058413955
            420  16.7730925804
            421  15.9359970673
            422  15.1806451253
            423  14.4957020911
            424  13.8718388973
            425  13.3013073264
            426  12.7776188241
            427  12.2952985637
            428  11.8496949668
            429  11.4368306187
            430  11.0532844509
            431  10.6960977981
            432  10.3626988704
            433  10.0508415620
            434   9.7585555192
            435   9.4841051230
            436   9.2259555819
            437   8.9827447390
            438   8.7532594993
            439   8.5364160182
            440   8.3312429687
            441   8.1368673433
            442   7.9525023542
            443   7.7774370781
            444   7.6110275594
            445   7.4526891376
            446   7.3018898072
            447   7.1581444502
            448   7.0210098126
            449   6.8900801132
            450   6.7649831945
            451   6.6453771402
            452   6.5309472928
            453   6.4214036188
            454   6.3164783744
            455   6.2159240322
            456   6.1195114365
            457   6.0270281576
            458   5.9382770203
            459   5.8530747866
            460   5.7712509727
            461   5.6926467857
            462   5.6171141657
            463   5.5445149213
            464   5.4747199483
            465   5.4076085221
            466   5.3430676564
            467   5.2809915204
            468   5.2212809087
            469   5.1638427592
            470   5.1085897125
            471   5.0554397103
            472   5.0043156274
            473   4.9551449358
            474   4.9078593962
            475   4.8623947750
            476   4.8186905846
            477   4.7766898445
            478   4.7363388618
            479   4.6975870282
            480   4.6603866341
            481   4.6246926959
            482   4.5904627973
            483   4.5576569426
            484   4.5262374209
            485   4.4961686806
            486   4.4674172135
            487   4.4399514470
            488   4.4137416449
            489   4.3887598154
            490   4.3649796254
            491   4.3423763219
            492   4.3209266586
            493   4.3006088285
            494   4.2814024011
            495   4.2632882647
            496   4.2462485727
            497   4.2302666945
            498   4.2153271703
            499   4.2014156688
            500   4.1885189493
            501   4.1766248265
            502   4.1657221387
            503   4.1558007186
            504   4.1468513670
            505   4.1388658293
            506   4.1318367746
            507   4.1257577770
            508   4.1206232994
            509   4.1164286799
            510   4.1131701196
            511   4.1108446738
            512   4.1094502442
            513   4.1089855738
