   0.0009775171        1.0032638306
   0.0019550342        1.0013863146
   0.0029325513        0.9985663288
   0.0039100684        0.9948065273
   0.0048875855        0.9901104488
   0.0058651026        0.9844825130
   0.0068426197        0.9779280166
   0.0078201368        0.9704531287
   0.0087976540        0.9620648842
   0.0097751711        0.9527711780
   0.0107526882        0.9425807568
   0.0117302053        0.9315032117
   0.0127077224        0.9195489683
   0.0136852395        0.9067292776
   0.0146627566        0.8930562051
   0.0156402737        0.8785426193
   0.0166177908        0.8632021800
   0.0175953079        0.8470493250
   0.0185728250        0.8300992568
   0.0195503421        0.8123679282
   0.0205278592        0.7938720274
   0.0215053763        0.7746289620
   0.0224828934        0.7546568430
   0.0234604105        0.7339744673
   0.0244379276        0.7126013006
   0.0254154447        0.6905574585
   0.0263929619        0.6678636878
   0.0273704790        0.6445413473
   0.0283479961        0.6206123869
   0.0293255132        0.5960993280
   0.0303030303        0.5710252412
   0.0312805474        0.5454137254
   0.0322580645        0.5192888853
   0.0332355816        0.4926753087
   0.0342130987        0.4655980433
   0.0351906158        0.4380825734
   0.0361681329        0.4101547955
   0.0371456500        0.3818409942
   0.0381231671        0.3531678176
   0.0391006842        0.3241622518
   0.0400782013        0.2948515958
   0.0410557184        0.2652634358
   0.0420332355        0.2354256191
   0.0430107526        0.2053662281
   0.0439882698        0.1751135536
   0.0449657869        0.1446960683
   0.0459433040        0.1141424002
   0.0469208211        0.0834813052
   0.0478983382        0.0527416406
   0.0488758553        0.0219523374
   0.0498533724       -0.0088576267
   0.0508308895       -0.0396592542
   0.0518084066       -0.0704235558
   0.0527859237       -0.1011215772
   0.0537634408       -0.1317244266
   0.0547409579       -0.1622033015
   0.0557184750       -0.1925295163
   0.0566959921       -0.2226745291
   0.0576735092       -0.2526099685
   0.0586510263       -0.2823076602
   0.0596285434       -0.3117396537
   0.0606060605       -0.3408782489
   0.0615835777       -0.3696960213
   0.0625610948       -0.3981658488
   0.0635386119       -0.4262609366
   0.0645161290       -0.4539548425
   0.0654936461       -0.4812215019
   0.0664711632       -0.5080352526
   0.0674486803       -0.5343708582
   0.0684261974       -0.5602035327
   0.0694037145       -0.5855089632
   0.0703812316       -0.6102633332
   0.0713587487       -0.6344433447
   0.0723362658       -0.6580262403
   0.0733137829       -0.6809898247
   0.0742913000       -0.7033124853
   0.0752688171       -0.7249732128
   0.0762463342       -0.7459516208
   0.0772238513       -0.7662279653
   0.0782013685       -0.7857831629
   0.0791788856       -0.8045988089
   0.0801564027       -0.8226571946
   0.0811339198       -0.8399413242
   0.0821114369       -0.8564349304
   0.0830889540       -0.8721224900
   0.0840664711       -0.8869892385
   0.0850439882       -0.9010211837
   0.0860215053       -0.9142051193
   0.0869990224       -0.9265286371
   0.0879765395       -0.9379801385
   0.0889540566       -0.9485488459
   0.0899315737       -0.9582248123
   0.0909090908       -0.9669989311
   0.0918866079       -0.9748629443
   0.0928641250       -0.9818094506
   0.0938416421       -0.9878319122
   0.0948191592       -0.9929246610
   0.0957966764       -0.9970829039
   0.0967741935       -1.0003027273
   0.0977517106       -1.0025811007
   0.0987292277       -1.0039158799
   0.0997067448       -1.0043058086
   0.1006842619       -1.0037505198
   0.1016617790       -1.0022505362
   0.1026392961       -0.9998072695
   0.1036168132       -0.9964230191
   0.1045943303       -0.9921009703
   0.1055718474       -0.9868451908
   0.1065493645       -0.9806606271
   0.1075268816       -0.9735530999
   0.1085043987       -0.9655292987
   0.1094819158       -0.9565967751
   0.1104594329       -0.9467639361
   0.1114369500       -0.9360400360
   0.1124144671       -0.9244351677
   0.1133919843       -0.9119602535
   0.1143695014       -0.8986270342
   0.1153470185       -0.8844480586
   0.1163245356       -0.8694366714
   0.1173020527       -0.8536070009
   0.1182795698       -0.8369739453
   0.1192570869       -0.8195531591
   0.1202346040       -0.8013610382
   0.1212121211       -0.7824147044
   0.1221896382       -0.7627319892
   0.1231671553       -0.7423314173
   0.1241446724       -0.7212321892
   0.1251221895       -0.6994541625
   0.1260997066       -0.6770178340
   0.1270772237       -0.6539443201
   0.1280547408       -0.6302553366
   0.1290322579       -0.6059731789
   0.1300097750       -0.5811207005
   0.1309872922       -0.5557212915
   0.1319648093       -0.5297988572
   0.1329423264       -0.5033777947
   0.1339198435       -0.4764829706
   0.1348973606       -0.4491396975
   0.1358748777       -0.4213737098
   0.1368523948       -0.3932111399
   0.1378299119       -0.3646784934
   0.1388074290       -0.3358026244
   0.1397849461       -0.3066107096
   0.1407624632       -0.2771302236
   0.1417399803       -0.2473889123
   0.1427174974       -0.2174147672
   0.1436950145       -0.1872359989
   0.1446725316       -0.1568810107
   0.1456500487       -0.1263783716
   0.1466275658       -0.0957567895
   0.1476050830       -0.0650450846
   0.1485826001       -0.0342721614
   0.1495601172       -0.0034669825
   0.1505376343        0.0273414594
   0.1515151514        0.0581241684
   0.1524926685        0.0888521731
   0.1534701856        0.1194965531
   0.1544477027        0.1500284673
   0.1554252198        0.1804191798
   0.1564027369        0.2106400882
   0.1573802540        0.2406627494
   0.1583577711        0.2704589074
   0.1593352882        0.3000005188
   0.1603128053        0.3292597803
   0.1612903224        0.3582091540
   0.1622678395        0.3868213937
   0.1632453566        0.4150695708
   0.1642228737        0.4429270988
   0.1652003909        0.4703677594
   0.1661779080        0.4973657263
   0.1671554251        0.5238955900
   0.1681329422        0.5499323815
   0.1691104593        0.5754515959
   0.1700879764        0.6004292154
   0.1710654935        0.6248417319
   0.1720430106        0.6486661693
   0.1730205277        0.6718801048
   0.1739980448        0.6944616902
   0.1749755619        0.7163896726
   0.1759530790        0.7376434142
   0.1769305961        0.7582029115
   0.1779081132        0.7780488148
   0.1788856303        0.7971624458
   0.1798631474        0.8155258154
   0.1808406645        0.8331216407
   0.1818181816        0.8499333610
   0.1827956988        0.8659451538
   0.1837732159        0.8811419494
   0.1847507330        0.8955094449
   0.1857282501        0.9090341184
   0.1867057672        0.9217032407
   0.1876832843        0.9335048882
   0.1886608014        0.9444279536
   0.1896383185        0.9544621564
   0.1906158356        0.9635980529
   0.1915933527        0.9718270446
   0.1925708698        0.9791413867
   0.1935483869        0.9855341952
   0.1945259040        0.9909994535
   0.1955034211        0.9955320177
   0.1964809382        0.9991276220
   0.1974584553        1.0017828824
   0.1984359724        1.0034952998
   0.1994134896        1.0042632626
   0.2003910067        1.0040860479
   0.2013685238        1.0029638226
   0.2023460409        1.0008976428
   0.2033235580        0.9978894532
   0.2043010751        0.9939420850
   0.2052785922        0.9890592533
   0.2062561093        0.9832455536
   0.2072336264        0.9765064577
   0.2082111435        0.9688483080
   0.2091886606        0.9602783122
   0.2101661777        0.9508045361
   0.2111436948        0.9404358961
   0.2121212119        0.9291821506
   0.2130987290        0.9170538915
   0.2140762461        0.9040625334
   0.2150537632        0.8902203032
   0.2160312803        0.8755402288
   0.2170087975        0.8600361267
   0.2179863146        0.8437225886
   0.2189638317        0.8266149684
   0.2199413488        0.8087293671
   0.2209188659        0.7900826180
   0.2218963830        0.7706922708
   0.2228739001        0.7505765750
   0.2238514172        0.7297544628
   0.2248289343        0.7082455313
   0.2258064514        0.6860700238
   0.2267839685        0.6632488113
   0.2277614856        0.6398033722
   0.2287390027        0.6157557725
   0.2297165198        0.5911286451
   0.2306940369        0.5659451681
   0.2316715540        0.5402290433
   0.2326490711        0.5140044739
   0.2336265882        0.4872961414
   0.2346041054        0.4601291828
   0.2355816225        0.4325291668
   0.2365591396        0.4045220694
   0.2375366567        0.3761342501
   0.2385141738        0.3473924263
   0.2394916909        0.3183236490
   0.2404692080        0.2889552766
   0.2414467251        0.2593149496
   0.2424242422        0.2294305644
   0.2434017593        0.1993302472
   0.2443792764        0.1690423274
   0.2453567935        0.1385953108
   0.2463343106        0.1080178532
   0.2473118277        0.0773387330
   0.2482893448        0.0465868242
   0.2492668619        0.0157910696
   0.2502443790       -0.0150195470
   0.2512218961       -0.0458160278
   0.2521994133       -0.0765693881
   0.2531769304       -0.1072506840
   0.2541544475       -0.1378310393
   0.2551319646       -0.1682816728
   0.2561094817       -0.1985739256
   0.2570869988       -0.2286792875
   0.2580645159       -0.2585694244
   0.2590420330       -0.2882162049
   0.2600195501       -0.3175917264
   0.2609970672       -0.3466683416
   0.2619745843       -0.3754186848
   0.2629521014       -0.4038156970
   0.2639296185       -0.4318326520
   0.2649071356       -0.4594431812
   0.2658846527       -0.4866212986
   0.2668621698       -0.5133414251
   0.2678396869       -0.5395784126
   0.2688172041       -0.5653075677
   0.2697947212       -0.5905046752
   0.2707722383       -0.6151460203
   0.2717497554       -0.6392084116
   0.2727272725       -0.6626692022
   0.2737047896       -0.6855063118
   0.2746823067       -0.7076982469
   0.2756598238       -0.7292241211
   0.2766373409       -0.7500636751
   0.2776148580       -0.7701972954
   0.2785923751       -0.7896060330
   0.2795698922       -0.8082716211
   0.2805474093       -0.8261764922
   0.2815249264       -0.8433037948
   0.2825024435       -0.8596374095
   0.2834799606       -0.8751619635
   0.2844574777       -0.8898628458
   0.2854349948       -0.9037262202
   0.2864125120       -0.9167390392
   0.2873900291       -0.9288890555
   0.2883675462       -0.9401648339
   0.2893450633       -0.9505557620
   0.2903225804       -0.9600520604
   0.2913000975       -0.9686447914
   0.2922776146       -0.9763258678
   0.2932551317       -0.9830880604
   0.2942326488       -0.9889250050
   0.2952101659       -0.9938312080
   0.2961876830       -0.9978020519
   0.2971652001       -1.0008337993
   0.2981427172       -1.0029235971
   0.2991202343       -1.0040694782
   0.3000977514       -1.0042703643
   0.3010752685       -1.0035260663
   0.3020527856       -1.0018372847
   0.3030303027       -0.9992056089
   0.3040078199       -0.9956335157
   0.3049853370       -0.9911243672
   0.3059628541       -0.9856824071
   0.3069403712       -0.9793127571
   0.3079178883       -0.9720214123
   0.3088954054       -0.9638152350
   0.3098729225       -0.9547019485
   0.3108504396       -0.9446901300
   0.3118279567       -0.9337892021
   0.3128054738       -0.9220094246
   0.3137829909       -0.9093618840
   0.3147605080       -0.8958584839
   0.3157380251       -0.8815119332
   0.3167155422       -0.8663357342
   0.3176930593       -0.8503441704
   0.3186705764       -0.8335522924
   0.3196480935       -0.8159759042
   0.3206256106       -0.7976315480
   0.3216031278       -0.7785364889
   0.3225806449       -0.7587086986
   0.3235581620       -0.7381668381
   0.3245356791       -0.7169302409
   0.3255131962       -0.6950188940
   0.3264907133       -0.6724534197
   0.3274682304       -0.6492550557
   0.3284457475       -0.6254456356
   0.3294232646       -0.6010475680
   0.3304007817       -0.5760838154
   0.3313782988       -0.5505778729
   0.3323558159       -0.5245537458
   0.3333333330       -0.4980359271
   0.3343108501       -0.4710493744
   0.3352883672       -0.4436194865
   0.3362658843       -0.4157720794
   0.3372434014       -0.3875333623
   0.3382209186       -0.3589299123
   0.3391984357       -0.3299886500
   0.3401759528       -0.3007368140
   0.3411534699       -0.2712019350
   0.3421309870       -0.2414118102
   0.3431085041       -0.2113944771
   0.3440860212       -0.1811781869
   0.3450635383       -0.1507913781
   0.3460410554       -0.1202626498
   0.3470185725       -0.0896207345
   0.3479960896       -0.0588944712
   0.3489736067       -0.0281127786
   0.3499511238        0.0026953728
   0.3509286409        0.0335009874
   0.3519061580        0.0642750721
   0.3528836751        0.0949886633
   0.3538611922        0.1256128545
   0.3548387093        0.1561188233
   0.3558162265        0.1864778585
   0.3567937436        0.2166613872
   0.3577712607        0.2466410019
   0.3587487778        0.2763884867
   0.3597262949        0.3058758443
   0.3607038120        0.3350753223
   0.3616813291        0.3639594391
   0.3626588462        0.3925010100
   0.3636363633        0.4206731727
   0.3646138804        0.4484494126
   0.3655913975        0.4758035875
   0.3665689146        0.5027099528
   0.3675464317        0.5291431851
   0.3685239488        0.5550784063
   0.3695014659        0.5804912071
   0.3704789830        0.6053576700
   0.3714565001        0.6296543914
   0.3724340172        0.6533585041
   0.3734115344        0.6764476987
   0.3743890515        0.6989002443
   0.3753665686        0.7206950096
   0.3763440857        0.7418114819
   0.3773216028        0.7622297872
   0.3782991199        0.7819307085
   0.3792766370        0.8008957040
   0.3802541541        0.8191069245
   0.3812316712        0.8365472302
   0.3822091883        0.8532002070
   0.3831867054        0.8690501815
   0.3841642225        0.8840822365
   0.3851417396        0.8982822242
   0.3861192567        0.9116367801
   0.3870967738        0.9241333354
   0.3880742909        0.9357601288
   0.3890518080        0.9465062175
   0.3900293251        0.9563614876
   0.3910068423        0.9653166638
   0.3919843594        0.9733633177
   0.3929618765        0.9804938762
   0.3939393936        0.9867016281
   0.3949169107        0.9919807310
   0.3958944278        0.9963262164
   0.3968719449        0.9997339944
   0.3978494620        1.0022008577
   0.3988269791        1.0037244847
   0.3998044962        1.0043034413
   0.4007820133        1.0039371827
   0.4017595304        1.0026260536
   0.4027370475        1.0003712879
   0.4037145646        0.9971750077
   0.4046920817        0.9930402214
   0.4056695988        0.9879708203
   0.4066471159        0.9819715757
   0.4076246331        0.9750481338
   0.4086021502        0.9672070108
   0.4095796673        0.9584555863
   0.4105571844        0.9488020970
   0.4115347015        0.9382556284
   0.4125122186        0.9268261064
   0.4134897357        0.9145242882
   0.4144672528        0.9013617517
   0.4154447699        0.8873508850
   0.4164222870        0.8725048748
   0.4173998041        0.8568376935
   0.4183773212        0.8403640866
   0.4193548383        0.8230995584
   0.4203323554        0.8050603577
   0.4213098725        0.7862634624
   0.4222873896        0.7667265634
   0.4232649067        0.7464680482
   0.4242424238        0.7255069834
   0.4252199410        0.7038630969
   0.4261974581        0.6815567590
   0.4271749752        0.6586089638
   0.4281524923        0.6350413089
   0.4291300094        0.6108759753
   0.4301075265        0.5861357066
   0.4310850436        0.5608437875
   0.4320625607        0.5350240219
   0.4330400778        0.5087007104
   0.4340175949        0.4818986276
   0.4349951120        0.4546429987
   0.4359726291        0.4269594757
   0.4369501462        0.3988741134
   0.4379276633        0.3704133447
   0.4389051804        0.3416039559
   0.4398826975        0.3124730615
   0.4408602146        0.2830480784
   0.4418377317        0.2533567003
   0.4428152489        0.2234268717
   0.4437927660        0.1932867616
   0.4447702831        0.1629647368
   0.4457478002        0.1324893353
   0.4467253173        0.1018892394
   0.4477028344        0.0711932490
   0.4486803515        0.0404302539
   0.4496578686        0.0096292073
   0.4506353857       -0.0211809019
   0.4516129028       -0.0519710764
   0.4525904199       -0.0827123376
   0.4535679370       -0.1133757528
   0.4545454541       -0.1439324628
   0.4555229712       -0.1743537085
   0.4565004883       -0.2046108586
   0.4574780054       -0.2346754362
   0.4584555225       -0.2645191454
   0.4594330397       -0.2941138985
   0.4604105568       -0.3234318418
   0.4613880739       -0.3524453825
   0.4623655910       -0.3811272139
   0.4633431081       -0.4094503416
   0.4643206252       -0.4373881091
   0.4652981423       -0.4649142222
   0.4662756594       -0.4920027743
   0.4672531765       -0.5186282706
   0.4682306936       -0.5447656521
   0.4692082107       -0.5703903193
   0.4701857278       -0.5954781550
   0.4711632449       -0.6200055476
   0.4721407620       -0.6439494126
   0.4731182791       -0.6672872150
   0.4740957962       -0.6899969900
   0.4750733133       -0.7120573640
   0.4760508304       -0.7334475746
   0.4770283476       -0.7541474899
   0.4780058647       -0.7741376281
   0.4789833818       -0.7933991749
   0.4799608989       -0.8119140023
   0.4809384160       -0.8296646846
   0.4819159331       -0.8466345156
   0.4828934502       -0.8628075238
   0.4838709673       -0.8781684877
   0.4848484844       -0.8927029502
   0.4858260015       -0.9063972320
   0.4868035186       -0.9192384443
   0.4877810357       -0.9312145017
   0.4887585528       -0.9423141325
   0.4897360699       -0.9525268903
   0.4907135870       -0.9618431631
   0.4916911041       -0.9702541828
   0.4926686212       -0.9777520332
   0.4936461383       -0.9843296576
   0.4946236555       -0.9899808654
   0.4956011726       -0.9947003378
   0.4965786897       -0.9984836331
   0.4975562068       -1.0013271906
   0.4985337239       -1.0032283339
   0.4995112410       -1.0041852739
   0.5004887581       -1.0041971099
   0.5014662752       -1.0032638306
   0.5024437923       -1.0013863146
   0.5034213094       -0.9985663288
   0.5043988265       -0.9948065273
   0.5053763436       -0.9901104488
   0.5063538607       -0.9844825130
   0.5073313778       -0.9779280166
   0.5083088949       -0.9704531287
   0.5092864120       -0.9620648842
   0.5102639291       -0.9527711780
   0.5112414462       -0.9425807568
   0.5122189634       -0.9315032117
   0.5131964805       -0.9195489683
   0.5141739976       -0.9067292776
   0.5151515147       -0.8930562051
   0.5161290318       -0.8785426193
   0.5171065489       -0.8632021800
   0.5180840660       -0.8470493250
   0.5190615831       -0.8300992568
   0.5200391002       -0.8123679282
   0.5210166173       -0.7938720274
   0.5219941344       -0.7746289620
   0.5229716515       -0.7546568430
   0.5239491686       -0.7339744673
   0.5249266857       -0.7126013006
   0.5259042028       -0.6905574585
   0.5268817199       -0.6678636878
   0.5278592370       -0.6445413473
   0.5288367542       -0.6206123869
   0.5298142713       -0.5960993280
   0.5307917884       -0.5710252412
   0.5317693055       -0.5454137254
   0.5327468226       -0.5192888853
   0.5337243397       -0.4926753087
   0.5347018568       -0.4655980433
   0.5356793739       -0.4380825734
   0.5366568910       -0.4101547955
   0.5376344081       -0.3818409942
   0.5386119252       -0.3531678176
   0.5395894423       -0.3241622518
   0.5405669594       -0.2948515958
   0.5415444765       -0.2652634358
   0.5425219936       -0.2354256191
   0.5434995107       -0.2053662281
   0.5444770278       -0.1751135536
   0.5454545449       -0.1446960683
   0.5464320621       -0.1141424002
   0.5474095792       -0.0834813052
   0.5483870963       -0.0527416406
   0.5493646134       -0.0219523374
   0.5503421305        0.0088576267
   0.5513196476        0.0396592542
   0.5522971647        0.0704235558
   0.5532746818        0.1011215772
   0.5542521989        0.1317244266
   0.5552297160        0.1622033015
   0.5562072331        0.1925295163
   0.5571847502        0.2226745291
   0.5581622673        0.2526099685
   0.5591397844        0.2823076602
   0.5601173015        0.3117396537
   0.5610948186        0.3408782489
   0.5620723357        0.3696960213
   0.5630498528        0.3981658488
   0.5640273700        0.4262609366
   0.5650048871        0.4539548425
   0.5659824042        0.4812215019
   0.5669599213        0.5080352526
   0.5679374384        0.5343708582
   0.5689149555        0.5602035327
   0.5698924726        0.5855089632
   0.5708699897        0.6102633332
   0.5718475068        0.6344433447
   0.5728250239        0.6580262403
   0.5738025410        0.6809898247
   0.5747800581        0.7033124853
   0.5757575752        0.7249732128
   0.5767350923        0.7459516208
   0.5777126094        0.7662279653
   0.5786901265        0.7857831629
   0.5796676436        0.8045988089
   0.5806451607        0.8226571946
   0.5816226779        0.8399413242
   0.5826001950        0.8564349304
   0.5835777121        0.8721224900
   0.5845552292        0.8869892385
   0.5855327463        0.9010211837
   0.5865102634        0.9142051193
   0.5874877805        0.9265286371
   0.5884652976        0.9379801385
   0.5894428147        0.9485488459
   0.5904203318        0.9582248123
   0.5913978489        0.9669989311
   0.5923753660        0.9748629443
   0.5933528831        0.9818094506
   0.5943304002        0.9878319122
   0.5953079173        0.9929246610
   0.5962854344        0.9970829039
   0.5972629515        1.0003027273
   0.5982404687        1.0025811007
   0.5992179858        1.0039158799
   0.6001955029        1.0043058086
   0.6011730200        1.0037505198
   0.6021505371        1.0022505362
   0.6031280542        0.9998072695
   0.6041055713        0.9964230191
   0.6050830884        0.9921009703
   0.6060606055        0.9868451908
   0.6070381226        0.9806606271
   0.6080156397        0.9735530999
   0.6089931568        0.9655292987
   0.6099706739        0.9565967751
   0.6109481910        0.9467639361
   0.6119257081        0.9360400360
   0.6129032252        0.9244351677
   0.6138807423        0.9119602535
   0.6148582594        0.8986270342
   0.6158357766        0.8844480586
   0.6168132937        0.8694366714
   0.6177908108        0.8536070009
   0.6187683279        0.8369739453
   0.6197458450        0.8195531591
   0.6207233621        0.8013610382
   0.6217008792        0.7824147044
   0.6226783963        0.7627319892
   0.6236559134        0.7423314173
   0.6246334305        0.7212321892
   0.6256109476        0.6994541625
   0.6265884647        0.6770178340
   0.6275659818        0.6539443201
   0.6285434989        0.6302553366
   0.6295210160        0.6059731789
   0.6304985331        0.5811207005
   0.6314760502        0.5557212915
   0.6324535673        0.5297988572
   0.6334310845        0.5033777947
   0.6344086016        0.4764829706
   0.6353861187        0.4491396975
   0.6363636358        0.4213737098
   0.6373411529        0.3932111399
   0.6383186700        0.3646784934
   0.6392961871        0.3358026244
   0.6402737042        0.3066107096
   0.6412512213        0.2771302236
   0.6422287384        0.2473889123
   0.6432062555        0.2174147672
   0.6441837726        0.1872359989
   0.6451612897        0.1568810107
   0.6461388068        0.1263783716
   0.6471163239        0.0957567895
   0.6480938410        0.0650450846
   0.6490713581        0.0342721614
   0.6500488752        0.0034669825
   0.6510263924       -0.0273414594
   0.6520039095       -0.0581241684
   0.6529814266       -0.0888521731
   0.6539589437       -0.1194965531
   0.6549364608       -0.1500284673
   0.6559139779       -0.1804191798
   0.6568914950       -0.2106400882
   0.6578690121       -0.2406627494
   0.6588465292       -0.2704589074
   0.6598240463       -0.3000005188
   0.6608015634       -0.3292597803
   0.6617790805       -0.3582091540
   0.6627565976       -0.3868213937
   0.6637341147       -0.4150695708
   0.6647116318       -0.4429270988
   0.6656891489       -0.4703677594
   0.6666666660       -0.4973657263
   0.6676441832       -0.5238955900
   0.6686217003       -0.5499323815
   0.6695992174       -0.5754515959
   0.6705767345       -0.6004292154
   0.6715542516       -0.6248417319
   0.6725317687       -0.6486661693
   0.6735092858       -0.6718801048
   0.6744868029       -0.6944616902
   0.6754643200       -0.7163896726
   0.6764418371       -0.7376434142
   0.6774193542       -0.7582029115
   0.6783968713       -0.7780488148
   0.6793743884       -0.7971624458
   0.6803519055       -0.8155258154
   0.6813294226       -0.8331216407
   0.6823069397       -0.8499333610
   0.6832844568       -0.8659451538
   0.6842619739       -0.8811419494
   0.6852394911       -0.8955094449
   0.6862170082       -0.9090341184
   0.6871945253       -0.9217032407
   0.6881720424       -0.9335048882
   0.6891495595       -0.9444279536
   0.6901270766       -0.9544621564
   0.6911045937       -0.9635980529
   0.6920821108       -0.9718270446
   0.6930596279       -0.9791413867
   0.6940371450       -0.9855341952
   0.6950146621       -0.9909994535
   0.6959921792       -0.9955320177
   0.6969696963       -0.9991276220
   0.6979472134       -1.0017828824
   0.6989247305       -1.0034952998
   0.6999022476       -1.0042632626
   0.7008797647       -1.0040860479
   0.7018572818       -1.0029638226
   0.7028347990       -1.0008976428
   0.7038123161       -0.9978894532
   0.7047898332       -0.9939420850
   0.7057673503       -0.9890592533
   0.7067448674       -0.9832455536
   0.7077223845       -0.9765064577
   0.7086999016       -0.9688483080
   0.7096774187       -0.9602783122
   0.7106549358       -0.9508045361
   0.7116324529       -0.9404358961
   0.7126099700       -0.9291821506
   0.7135874871       -0.9170538915
   0.7145650042       -0.9040625334
   0.7155425213       -0.8902203032
   0.7165200384       -0.8755402288
   0.7174975555       -0.8600361267
   0.7184750726       -0.8437225886
   0.7194525898       -0.8266149684
   0.7204301069       -0.8087293671
   0.7214076240       -0.7900826180
   0.7223851411       -0.7706922708
   0.7233626582       -0.7505765750
   0.7243401753       -0.7297544628
   0.7253176924       -0.7082455313
   0.7262952095       -0.6860700238
   0.7272727266       -0.6632488113
   0.7282502437       -0.6398033722
   0.7292277608       -0.6157557725
   0.7302052779       -0.5911286451
   0.7311827950       -0.5659451681
   0.7321603121       -0.5402290433
   0.7331378292       -0.5140044739
   0.7341153463       -0.4872961414
   0.7350928634       -0.4601291828
   0.7360703805       -0.4325291668
   0.7370478977       -0.4045220694
   0.7380254148       -0.3761342501
   0.7390029319       -0.3473924263
   0.7399804490       -0.3183236490
   0.7409579661       -0.2889552766
   0.7419354832       -0.2593149496
   0.7429130003       -0.2294305644
   0.7438905174       -0.1993302472
   0.7448680345       -0.1690423274
   0.7458455516       -0.1385953108
   0.7468230687       -0.1080178532
   0.7478005858       -0.0773387330
   0.7487781029       -0.0465868242
   0.7497556200       -0.0157910696
   0.7507331371        0.0150195470
   0.7517106542        0.0458160278
   0.7526881713        0.0765693881
   0.7536656884        0.1072506840
   0.7546432056        0.1378310393
   0.7556207227        0.1682816728
   0.7565982398        0.1985739256
   0.7575757569        0.2286792875
   0.7585532740        0.2585694244
   0.7595307911        0.2882162049
   0.7605083082        0.3175917264
   0.7614858253        0.3466683416
   0.7624633424        0.3754186848
   0.7634408595        0.4038156970
   0.7644183766        0.4318326520
   0.7653958937        0.4594431812
   0.7663734108        0.4866212986
   0.7673509279        0.5133414251
   0.7683284450        0.5395784126
   0.7693059621        0.5653075677
   0.7702834792        0.5905046752
   0.7712609963        0.6151460203
   0.7722385135        0.6392084116
   0.7732160306        0.6626692022
   0.7741935477        0.6855063118
   0.7751710648        0.7076982469
   0.7761485819        0.7292241211
   0.7771260990        0.7500636751
   0.7781036161        0.7701972954
   0.7790811332        0.7896060330
   0.7800586503        0.8082716211
   0.7810361674        0.8261764922
   0.7820136845        0.8433037948
   0.7829912016        0.8596374095
   0.7839687187        0.8751619635
   0.7849462358        0.8898628458
   0.7859237529        0.9037262202
   0.7869012700        0.9167390392
   0.7878787871        0.9288890555
   0.7888563043        0.9401648339
   0.7898338214        0.9505557620
   0.7908113385        0.9600520604
   0.7917888556        0.9686447914
   0.7927663727        0.9763258678
   0.7937438898        0.9830880604
   0.7947214069        0.9889250050
   0.7956989240        0.9938312080
   0.7966764411        0.9978020519
   0.7976539582        1.0008337993
   0.7986314753        1.0029235971
   0.7996089924        1.0040694782
   0.8005865095        1.0042703643
   0.8015640266        1.0035260663
   0.8025415437        1.0018372847
   0.8035190608        0.9992056089
   0.8044965779        0.9956335157
   0.8054740950        0.9911243672
   0.8064516122        0.9856824071
   0.8074291293        0.9793127571
   0.8084066464        0.9720214123
   0.8093841635        0.9638152350
   0.8103616806        0.9547019485
   0.8113391977        0.9446901300
   0.8123167148        0.9337892021
   0.8132942319        0.9220094246
   0.8142717490        0.9093618840
   0.8152492661        0.8958584839
   0.8162267832        0.8815119332
   0.8172043003        0.8663357342
   0.8181818174        0.8503441704
   0.8191593345        0.8335522924
   0.8201368516        0.8159759042
   0.8211143687        0.7976315480
   0.8220918858        0.7785364889
   0.8230694029        0.7587086986
   0.8240469201        0.7381668381
   0.8250244372        0.7169302409
   0.8260019543        0.6950188940
   0.8269794714        0.6724534197
   0.8279569885        0.6492550557
   0.8289345056        0.6254456356
   0.8299120227        0.6010475680
   0.8308895398        0.5760838154
   0.8318670569        0.5505778729
   0.8328445740        0.5245537458
   0.8338220911        0.4980359271
   0.8347996082        0.4710493744
   0.8357771253        0.4436194865
   0.8367546424        0.4157720794
   0.8377321595        0.3875333623
   0.8387096766        0.3589299123
   0.8396871937        0.3299886500
   0.8406647108        0.3007368140
   0.8416422280        0.2712019350
   0.8426197451        0.2414118102
   0.8435972622        0.2113944771
   0.8445747793        0.1811781869
   0.8455522964        0.1507913781
   0.8465298135        0.1202626498
   0.8475073306        0.0896207345
   0.8484848477        0.0588944712
   0.8494623648        0.0281127786
   0.8504398819       -0.0026953728
   0.8514173990       -0.0335009874
   0.8523949161       -0.0642750721
   0.8533724332       -0.0949886633
   0.8543499503       -0.1256128545
   0.8553274674       -0.1561188233
   0.8563049845       -0.1864778585
   0.8572825016       -0.2166613872
   0.8582600188       -0.2466410019
   0.8592375359       -0.2763884867
   0.8602150530       -0.3058758443
   0.8611925701       -0.3350753223
   0.8621700872       -0.3639594391
   0.8631476043       -0.3925010100
   0.8641251214       -0.4206731727
   0.8651026385       -0.4484494126
   0.8660801556       -0.4758035875
   0.8670576727       -0.5027099528
   0.8680351898       -0.5291431851
   0.8690127069       -0.5550784063
   0.8699902240       -0.5804912071
   0.8709677411       -0.6053576700
   0.8719452582       -0.6296543914
   0.8729227753       -0.6533585041
   0.8739002924       -0.6764476987
   0.8748778095       -0.6989002443
   0.8758553267       -0.7206950096
   0.8768328438       -0.7418114819
   0.8778103609       -0.7622297872
   0.8787878780       -0.7819307085
   0.8797653951       -0.8008957040
   0.8807429122       -0.8191069245
   0.8817204293       -0.8365472302
   0.8826979464       -0.8532002070
   0.8836754635       -0.8690501815
   0.8846529806       -0.8840822365
   0.8856304977       -0.8982822242
   0.8866080148       -0.9116367801
   0.8875855319       -0.9241333354
   0.8885630490       -0.9357601288
   0.8895405661       -0.9465062175
   0.8905180832       -0.9563614876
   0.8914956003       -0.9653166638
   0.8924731174       -0.9733633177
   0.8934506346       -0.9804938762
   0.8944281517       -0.9867016281
   0.8954056688       -0.9919807310
   0.8963831859       -0.9963262164
   0.8973607030       -0.9997339944
   0.8983382201       -1.0022008577
   0.8993157372       -1.0037244847
   0.9002932543       -1.0043034413
   0.9012707714       -1.0039371827
   0.9022482885       -1.0026260536
   0.9032258056       -1.0003712879
   0.9042033227       -0.9971750077
   0.9051808398       -0.9930402214
   0.9061583569       -0.9879708203
   0.9071358740       -0.9819715757
   0.9081133911       -0.9750481338
   0.9090909082       -0.9672070108
   0.9100684253       -0.9584555863
   0.9110459425       -0.9488020970
   0.9120234596       -0.9382556284
   0.9130009767       -0.9268261064
   0.9139784938       -0.9145242882
   0.9149560109       -0.9013617517
   0.9159335280       -0.8873508850
   0.9169110451       -0.8725048748
   0.9178885622       -0.8568376935
   0.9188660793       -0.8403640866
   0.9198435964       -0.8230995584
   0.9208211135       -0.8050603577
   0.9217986306       -0.7862634624
   0.9227761477       -0.7667265634
   0.9237536648       -0.7464680482
   0.9247311819       -0.7255069834
   0.9257086990       -0.7038630969
   0.9266862161       -0.6815567590
   0.9276637333       -0.6586089638
   0.9286412504       -0.6350413089
   0.9296187675       -0.6108759753
   0.9305962846       -0.5861357066
   0.9315738017       -0.5608437875
   0.9325513188       -0.5350240219
   0.9335288359       -0.5087007104
   0.9345063530       -0.4818986276
   0.9354838701       -0.4546429987
   0.9364613872       -0.4269594757
   0.9374389043       -0.3988741134
   0.9384164214       -0.3704133447
   0.9393939385       -0.3416039559
   0.9403714556       -0.3124730615
   0.9413489727       -0.2830480784
   0.9423264898       -0.2533567003
   0.9433040069       -0.2234268717
   0.9442815240       -0.1932867616
   0.9452590412       -0.1629647368
   0.9462365583       -0.1324893353
   0.9472140754       -0.1018892394
   0.9481915925       -0.0711932490
   0.9491691096       -0.0404302539
   0.9501466267       -0.0096292073
   0.9511241438        0.0211809019
   0.9521016609        0.0519710764
   0.9530791780        0.0827123376
   0.9540566951        0.1133757528
   0.9550342122        0.1439324628
   0.9560117293        0.1743537085
   0.9569892464        0.2046108586
   0.9579667635        0.2346754362
   0.9589442806        0.2645191454
   0.9599217977        0.2941138985
   0.9608993148        0.3234318418
   0.9618768319        0.3524453825
   0.9628543491        0.3811272139
   0.9638318662        0.4094503416
   0.9648093833        0.4373881091
   0.9657869004        0.4649142222
   0.9667644175        0.4920027743
   0.9677419346        0.5186282706
   0.9687194517        0.5447656521
   0.9696969688        0.5703903193
   0.9706744859        0.5954781550
   0.9716520030        0.6200055476
   0.9726295201        0.6439494126
   0.9736070372        0.6672872150
   0.9745845543        0.6899969900
   0.9755620714        0.7120573640
   0.9765395885        0.7334475746
   0.9775171056        0.7541474899
   0.9784946227        0.7741376281
   0.9794721399        0.7933991749
   0.9804496570        0.8119140023
   0.9814271741        0.8296646846
   0.9824046912        0.8466345156
   0.9833822083        0.8628075238
   0.9843597254        0.8781684877
   0.9853372425        0.8927029502
   0.9863147596        0.9063972320
   0.9872922767        0.9192384443
   0.9882697938        0.9312145017
   0.9892473109        0.9423141325
   0.9902248280        0.9525268903
   0.9912023451        0.9618431631
   0.9921798622        0.9702541828
   0.9931573793        0.9777520332
   0.9941348964        0.9843296576
   0.9951124135        0.9899808654
   0.9960899306        0.9947003378
   0.9970674478        0.9984836331
   0.9980449649        1.0013271906
   0.9990224820        1.0032283339
   0.9999999991        1.0041852739
   1.0009775162        1.0041971099
