   0.0009775171   0.8995285740
   0.0019550342   0.9032105202
   0.0029325513   0.9662623733
   0.0039100684   1.0258477400
   0.0048875855   1.0808457526
   0.0058651026   1.0507301772
   0.0068426197   0.9440543914
   0.0078201368   1.0530383717
   0.0087976540   1.0212205226
   0.0097751711   1.0197540562
   0.0107526882   0.9124927170
   0.0117302053   1.0071000077
   0.0127077224   0.8393462363
   0.0136852395   0.9866498310
   0.0146627566   0.9359621530
   0.0156402737   0.9286054866
   0.0166177908   0.8268272859
   0.0175953079   0.7610154301
   0.0185728250   0.9161869616
   0.0195503421   0.7367710167
   0.0205278592   0.7072215254
   0.0215053763   0.6973297490
   0.0224828934   0.7725190762
   0.0234604105   0.8257579259
   0.0244379276   0.6346101572
   0.0254154447   0.7801758794
   0.0263929619   0.5938602972
   0.0273704790   0.6800900596
   0.0283479961   0.6994207554
   0.0293255132   0.5290103265
   0.0303030303   0.6789718124
   0.0312805474   0.6104221080
   0.0322580645   0.4328970141
   0.0332355816   0.4366298983
   0.0342130987   0.5748249830
   0.0351906158   0.4993852108
   0.0361681329   0.3645887834
   0.0371456500   0.4248028656
   0.0381231671   0.3723277991
   0.0391006842   0.3317728157
   0.0400782013   0.3745248285
   0.0410557184   0.1823937766
   0.0420332355   0.3455550203
   0.0430107526   0.2349676993
   0.0439882698   0.2411568743
   0.0449657869   0.1464593488
   0.0459433040   0.1690011625
   0.0469208211   0.1554896806
   0.0478983382   0.0537179631
   0.0488758553  -0.0229406346
   0.0498533724   0.0508288589
   0.0508308895   0.0070460076
   0.0518084066  -0.0123673722
   0.0527859237  -0.1451164838
   0.0537634408  -0.1563064088
   0.0547409579  -0.1957937373
   0.0557184750  -0.1282272045
   0.0566959921  -0.1988538458
   0.0576735092  -0.2113974235
   0.0586510263  -0.2422444609
   0.0596285434  -0.2989408841
   0.0606060605  -0.3329289506
   0.0615835777  -0.4314267985
   0.0625610948  -0.3774766329
   0.0635386119  -0.4737881963
   0.0645161290  -0.3468130792
   0.0654936461  -0.4499073516
   0.0664711632  -0.5911468786
   0.0674486803  -0.5582546641
   0.0684261974  -0.5364228529
   0.0694037145  -0.5372711218
   0.0703812316  -0.6940555997
   0.0713587487  -0.6686421354
   0.0723362658  -0.6533520419
   0.0733137829  -0.6011840374
   0.0742913000  -0.7453988647
   0.0752688171  -0.6883500113
   0.0762463342  -0.8251529956
   0.0772238513  -0.7500986594
   0.0782013685  -0.7125934611
   0.0791788856  -0.8272299673
   0.0801564027  -0.7335097083
   0.0811339198  -0.7888750049
   0.0821114369  -0.7969920843
   0.0830889540  -0.9103467890
   0.0840664711  -0.8430508008
   0.0850439882  -0.8606381868
   0.0860215053  -0.8180254990
   0.0869990224  -0.8234908823
   0.0879765395  -0.9293144622
   0.0889540566  -0.9544307197
   0.0899315737  -0.9869669081
   0.0909090908  -0.9387561157
   0.0918866079  -1.0339494017
   0.0928641250  -0.8896855468
   0.0938416421  -0.9742298021
   0.0948191592  -0.9792254758
   0.0957966764  -0.9783197339
   0.0967741935  -1.0209259898
   0.0977517106  -0.9998883137
   0.0987292277  -1.0606775351
   0.0997067448  -0.9794002651
   0.1006842619  -0.9719563429
   0.1016617790  -1.0030813681
   0.1026392961  -0.9472451074
   0.1036168132  -0.9613889431
   0.1045943303  -0.8946273297
   0.1055718474  -0.9068661588
   0.1065493645  -0.9221280153
   0.1075268816  -0.8766174875
   0.1085043987  -0.9357119982
   0.1094819158  -0.9944651181
   0.1104594329  -0.9989586806
   0.1114369500  -0.9794460658
   0.1124144671  -0.8370286203
   0.1133919843  -0.9687702275
   0.1143695014  -0.8645550279
   0.1153470185  -0.8763853716
   0.1163245356  -0.9200426155
   0.1173020527  -0.9214390557
   0.1182795698  -0.7708198805
   0.1192570869  -0.7491498243
   0.1202346040  -0.8134643927
   0.1212121211  -0.7644793062
   0.1221896382  -0.7406955639
   0.1231671553  -0.8086130620
   0.1241446724  -0.8077391744
   0.1251221895  -0.6630416949
   0.1260997066  -0.7309259070
   0.1270772237  -0.7005510251
   0.1280547408  -0.6603165770
   0.1290322579  -0.6811438979
   0.1300097750  -0.5138568140
   0.1309872922  -0.4699284403
   0.1319648093  -0.5989485157
   0.1329423264  -0.4761709671
   0.1339198435  -0.5436601369
   0.1348973606  -0.3648216096
   0.1358748777  -0.4090058360
   0.1368523948  -0.3540709285
   0.1378299119  -0.2884201256
   0.1388074290  -0.3738035159
   0.1397849461  -0.2198531490
   0.1407624632  -0.2314577988
   0.1417399803  -0.2427400915
   0.1427174974  -0.2903893787
   0.1436950145  -0.1702504982
   0.1446725316  -0.1047272243
   0.1456500487  -0.2052855990
   0.1466275658  -0.0859676705
   0.1476050830  -0.0434282067
   0.1485826001  -0.0691287152
   0.1495601172   0.0496824294
   0.1505376343   0.0258553328
   0.1515151514   0.1440261834
   0.1524926685   0.1640326935
   0.1534701856   0.1712297677
   0.1544477027   0.0500851748
   0.1554252198   0.1098623259
   0.1564027369   0.2260560752
   0.1573802540   0.1507845327
   0.1583577711   0.1923072364
   0.1593352882   0.2928041036
   0.1603128053   0.2601817119
   0.1612903224   0.3007787353
   0.1622678395   0.2898270325
   0.1632453566   0.3082802258
   0.1642228737   0.4931735390
   0.1652003909   0.4678720193
   0.1661779080   0.5748548020
   0.1671554251   0.5571053852
   0.1681329422   0.5474394650
   0.1691104593   0.6199725128
   0.1700879764   0.4986393374
   0.1710654935   0.5648249202
   0.1720430106   0.6614432165
   0.1730205277   0.6332978023
   0.1739980448   0.6288727258
   0.1749755619   0.7887696776
   0.1759530790   0.6686749769
   0.1769305961   0.8397150223
   0.1779081132   0.8418389268
   0.1788856303   0.8266291045
   0.1798631474   0.7541933765
   0.1808406645   0.7999973877
   0.1818181816   0.9224600953
   0.1827956988   0.8353468982
   0.1837732159   0.8814756534
   0.1847507330   0.9326302928
   0.1857282501   0.9817340525
   0.1867057672   0.8801417279
   0.1876832843   0.8568301547
   0.1886608014   1.0032769712
   0.1896383185   0.9711085438
   0.1906158356   1.0157559626
   0.1915933527   0.8754928562
   0.1925708698   1.0207049758
   0.1935483869   0.9998899950
   0.1945259040   1.0744885359
   0.1955034211   0.9316536692
   0.1964809382   1.0718994397
   0.1974584553   0.9925237173
   0.1984359724   0.9666190965
   0.1994134896   1.0759785972
   0.2003910067   1.0289474205
   0.2013685238   0.9998318572
   0.2023460409   1.0204749879
   0.2033235580   1.0065088349
   0.2043010751   0.9539221676
   0.2052785922   1.0603933375
   0.2062561093   0.9226693679
   0.2072336264   0.9006783394
   0.2082111435   0.9187949312
   0.2091886606   0.9960331621
   0.2101661777   0.8975658567
   0.2111436948   1.0091202367
   0.2121212119   0.9634250305
   0.2130987290   0.8482114775
   0.2140762461   0.8734326749
   0.2150537632   0.9130747692
   0.2160312803   0.8592032662
   0.2170087975   0.9196452982
   0.2179863146   0.8248395384
   0.2189638317   0.8366413769
   0.2199413488   0.7785894208
   0.2209188659   0.8452921030
   0.2218963830   0.7131520167
   0.2228739001   0.8050020726
   0.2238514172   0.7392473468
   0.2248289343   0.7017425277
   0.2258064514   0.6287608854
   0.2267839685   0.7169011895
   0.2277614856   0.6017610693
   0.2287390027   0.5598463852
   0.2297165198   0.6217800930
   0.2306940369   0.5359622285
   0.2316715540   0.5974531246
   0.2326490711   0.5038732453
   0.2336265882   0.4065593366
   0.2346041054   0.5017649523
   0.2355816225   0.5317832514
   0.2365591396   0.4722343448
   0.2375366567   0.3134634178
   0.2385141738   0.2931237383
   0.2394916909   0.3126440610
   0.2404692080   0.3733818211
   0.2414467251   0.3239949595
   0.2424242422   0.3224953032
   0.2434017593   0.1140908390
   0.2443792764   0.1219203461
   0.2453567935   0.1379784783
   0.2463343106   0.0751015587
   0.2473118277   0.0665769925
   0.2482893448   0.0676011175
   0.2492668619   0.0990291201
   0.2502443790   0.0697479068
   0.2512218961   0.0018479842
   0.2521994133  -0.1096170296
   0.2531769304  -0.0965570849
   0.2541544475  -0.1161829155
   0.2551319646  -0.1677357339
   0.2561094817  -0.1638059350
   0.2570869988  -0.2029841675
   0.2580645159  -0.2218689275
   0.2590420330  -0.3102482352
   0.2600195501  -0.2982336407
   0.2609970672  -0.2851658421
   0.2619745843  -0.3344836073
   0.2629521014  -0.4950088882
   0.2639296185  -0.4383388494
   0.2649071356  -0.3580178144
   0.2658846527  -0.5650969644
   0.2668621698  -0.4582187517
   0.2678396869  -0.5640147496
   0.2688172041  -0.6439962876
   0.2697947212  -0.5167477940
   0.2707722383  -0.6243901324
   0.2717497554  -0.7204011545
   0.2727272725  -0.5742263500
   0.2737047896  -0.7171292915
   0.2746823067  -0.7762412457
   0.2756598238  -0.7414725355
   0.2766373409  -0.6528668153
   0.2776148580  -0.7811086925
   0.2785923751  -0.7626150137
   0.2795698922  -0.7532215834
   0.2805474093  -0.7234246725
   0.2815249264  -0.8903611566
   0.2825024435  -0.8798714067
   0.2834799606  -0.9067657216
   0.2844574777  -0.7902169935
   0.2854349948  -0.9023715114
   0.2864125120  -0.9280713912
   0.2873900291  -0.9804649803
   0.2883675462  -0.8549232231
   0.2893450633  -1.0322526705
   0.2903225804  -0.8852500402
   0.2913000975  -0.9982162311
   0.2922776146  -1.0008852665
   0.2932551317  -1.0236519745
   0.2942326488  -0.8888156717
   0.2952101659  -0.8999254772
   0.2961876830  -0.9180915908
   0.2971652001  -1.0012153943
   0.2981427172  -1.0188743864
   0.2991202343  -0.9517270004
   0.3000977514  -0.9939686558
   0.3010752685  -0.9862271443
   0.3020527856  -1.0754951720
   0.3030303027  -1.0754539890
   0.3040078199  -1.0007676044
   0.3049853370  -0.9545553271
   0.3059628541  -0.9568501443
   0.3069403712  -1.0607360368
   0.3079178883  -0.8964323664
   0.3088954054  -0.9143562720
   0.3098729225  -0.8936326678
   0.3108504396  -0.9920785522
   0.3118279567  -0.8526977856
   0.3128054738  -1.0032750901
   0.3137829909  -0.8533744764
   0.3147605080  -0.9857624975
   0.3157380251  -0.8883965076
   0.3167155422  -0.8912930099
   0.3176930593  -0.7716504164
   0.3186705764  -0.8726889270
   0.3196480935  -0.8700718572
   0.3206256106  -0.8886178657
   0.3216031278  -0.7047109767
   0.3225806449  -0.7043893557
   0.3235581620  -0.7190404792
   0.3245356791  -0.6325867975
   0.3255131962  -0.7827265736
   0.3264907133  -0.6246826970
   0.3274682304  -0.7202793715
   0.3284457475  -0.6173084678
   0.3294232646  -0.6723353301
   0.3304007817  -0.6707434705
   0.3313782988  -0.5854278455
   0.3323558159  -0.6037586350
   0.3333333330  -0.5434530620
   0.3343108501  -0.4845244176
   0.3352883672  -0.5227295311
   0.3362658843  -0.4366806095
   0.3372434014  -0.4606706148
   0.3382209186  -0.4488493100
   0.3391984357  -0.3911036629
   0.3401759528  -0.2306511053
   0.3411534699  -0.3609316894
   0.3421309870  -0.2472953192
   0.3431085041  -0.1203447034
   0.3440860212  -0.2044504575
   0.3450635383  -0.2136890727
   0.3460410554  -0.0403067472
   0.3470185725  -0.0152058295
   0.3479960896  -0.0506207548
   0.3489736067  -0.0497994523
   0.3499511238   0.0467143012
   0.3509286409  -0.0501554040
   0.3519061580   0.1540528680
   0.3528836751   0.0231395629
   0.3538611922   0.1024046351
   0.3548387093   0.1492770027
   0.3558162265   0.1561677750
   0.3567937436   0.2766687173
   0.3577712607   0.1922564373
   0.3587487778   0.3610286717
   0.3597262949   0.3032026604
   0.3607038120   0.3767892712
   0.3616813291   0.3866072622
   0.3626588462   0.2936851794
   0.3636363633   0.3435489136
   0.3646138804   0.5313110342
   0.3655913975   0.4109907982
   0.3665689146   0.5687483108
   0.3675464317   0.4689454899
   0.3685239488   0.5681747438
   0.3695014659   0.6444323063
   0.3704789830   0.6111168424
   0.3714565001   0.6631597218
   0.3724340172   0.5991416585
   0.3734115344   0.6997962739
   0.3743890515   0.7706405064
   0.3753665686   0.8016183160
   0.3763440857   0.6563228717
   0.3773216028   0.8212920646
   0.3782991199   0.8476338621
   0.3792766370   0.7943422105
   0.3802541541   0.8521901643
   0.3812316712   0.8427516405
   0.3822091883   0.9074788017
   0.3831867054   0.8980804631
   0.3841642225   0.8749567208
   0.3851417396   0.9546686400
   0.3861192567   0.9689767512
   0.3870967738   0.8655694465
   0.3880742909   0.8509044827
   0.3890518080   0.9830752163
   0.3900293251   0.9625779629
   0.3910068423   0.9301608333
   0.3919843594   0.9394402031
   0.3929618765   0.9185642753
   0.3939393936   0.9338790318
   0.3949169107   1.0604173957
   0.3958944278   0.9358453690
   0.3968719449   0.9324776477
   0.3978494620   0.9432942425
   0.3988269791   0.9714707148
   0.3998044962   1.0467927162
   0.4007820133   0.9646018318
   0.4017595304   1.0381498174
   0.4027370475   0.9769307455
   0.4037145646   0.9813981773
   0.4046920817   0.9577762758
   0.4056695988   1.0497484291
   0.4066471159   1.0307358813
   0.4076246331   1.0043956111
   0.4086021502   1.0394323162
   0.4095796673   1.0239700479
   0.4105571844   1.0430309769
   0.4115347015   0.9660747265
   0.4125122186   0.9938022392
   0.4134897357   0.9922138293
   0.4144672528   0.9677505968
   0.4154447699   0.8259010443
   0.4164222870   0.8982455261
   0.4173998041   0.7816799800
   0.4183773212   0.7764565523
   0.4193548383   0.9141038111
   0.4203323554   0.7749627432
   0.4213098725   0.7164121933
   0.4222873896   0.6681016718
   0.4232649067   0.7440963876
   0.4242424238   0.8180255422
   0.4252199410   0.7294427870
   0.4261974581   0.7567706853
   0.4271749752   0.7265185570
   0.4281524923   0.6589852038
   0.4291300094   0.5215923838
   0.4301075265   0.5506345154
   0.4310850436   0.5202230115
   0.4320625607   0.4589245167
   0.4330400778   0.5892272915
   0.4340175949   0.4318819888
   0.4349951120   0.3871449061
   0.4359726291   0.3820427778
   0.4369501462   0.4959087489
   0.4379276633   0.3855216628
   0.4389051804   0.3520797838
   0.4398826975   0.3307770648
   0.4408602146   0.3363198307
   0.4418377317   0.3236387245
   0.4428152489   0.2505028966
   0.4437927660   0.2088183752
   0.4447702831   0.0918296732
   0.4457478002   0.2110919541
   0.4467253173   0.0207273450
   0.4477028344   0.1646897966
   0.4486803515   0.0174338290
   0.4496578686   0.1037247989
   0.4506353857  -0.0816484835
   0.4516129028  -0.0243195546
   0.4525904199  -0.0909089524
   0.4535679370  -0.1203107336
   0.4545454541  -0.0597992551
   0.4555229712  -0.1533127344
   0.4565004883  -0.2937456660
   0.4574780054  -0.3147445295
   0.4584555225  -0.2634510032
   0.4594330397  -0.2709823797
   0.4604105568  -0.4059979924
   0.4613880739  -0.3555146548
   0.4623655910  -0.3125231718
   0.4633431081  -0.4831747793
   0.4643206252  -0.5252439349
   0.4652981423  -0.4223720144
   0.4662756594  -0.4083931979
   0.4672531765  -0.5527756277
   0.4682306936  -0.6301638653
   0.4692082107  -0.6476734297
   0.4701857278  -0.5000237667
   0.4711632449  -0.7009422857
   0.4721407620  -0.6662891707
   0.4731182791  -0.6018992720
   0.4740957962  -0.6062295989
   0.4750733133  -0.7180503806
   0.4760508304  -0.6646094467
   0.4770283476  -0.7865390209
   0.4780058647  -0.8149622711
   0.4789833818  -0.8202881407
   0.4799608989  -0.8716483098
   0.4809384160  -0.8647790781
   0.4819159331  -0.9110666414
   0.4828934502  -0.7881329449
   0.4838709673  -0.8009867407
   0.4848484844  -0.8743979848
   0.4858260015  -0.9280568514
   0.4868035186  -0.9873204898
   0.4877810357  -0.8312369973
   0.4887585528  -0.9349240722
   0.4897360699  -0.9418039156
   0.4907135870  -1.0298448229
   0.4916911041  -0.9721856257
   0.4926686212  -1.0138050020
   0.4936461383  -0.9028863472
   0.4946236555  -0.9410226639
   0.4956011726  -0.9367847755
   0.4965786897  -1.0427782815
   0.4975562068  -1.0303631263
   0.4985337239  -0.9592496855
   0.4995112410  -1.0660591512
   0.5004887581  -1.0333286570
   0.5014662752  -0.9671145767
   0.5024437923  -0.9891873169
   0.5034213094  -1.0089722469
   0.5043988265  -0.9244651678
   0.5053763436  -0.9016123148
   0.5063538607  -0.8867208415
   0.5073313778  -0.9655455645
   0.5083088949  -0.9191120335
   0.5092864120  -0.8652328028
   0.5102639291  -0.9393400312
   0.5112414462  -0.9964732456
   0.5122189634  -0.8902058185
   0.5131964805  -0.9012152642
   0.5141739976  -0.8557212372
   0.5151515147  -0.9642454024
   0.5161290318  -0.9050257799
   0.5171065489  -0.8015774048
   0.5180840660  -0.8439619085
   0.5190615831  -0.7604668940
   0.5200391002  -0.8901840694
   0.5210166173  -0.7183975743
   0.5219941344  -0.8082029793
   0.5229716515  -0.7729319688
   0.5239491686  -0.7507401640
   0.5249266857  -0.7316914516
   0.5259042028  -0.6953969440
   0.5268817199  -0.6082704802
   0.5278592370  -0.5902770341
   0.5288367542  -0.5269924373
   0.5298142713  -0.6202540532
   0.5307917884  -0.6642600710
   0.5317693055  -0.4609874764
   0.5327468226  -0.4849546887
   0.5337243397  -0.4547694313
   0.5347018568  -0.5471895861
   0.5356793739  -0.5024936720
   0.5366568910  -0.3885157889
   0.5376344081  -0.4015240495
   0.5386119252  -0.3358813998
   0.5395894423  -0.3172411762
   0.5405669594  -0.2776132376
   0.5415444765  -0.1670093452
   0.5425219936  -0.1793707393
   0.5434995107  -0.1326132464
   0.5444770278  -0.2268753274
   0.5454545449  -0.0499864249
   0.5464320621  -0.1501803370
   0.5474095792  -0.1285504456
   0.5483870963  -0.0420885760
   0.5493646134  -0.0739354191
   0.5503421305   0.0542951594
   0.5513196476   0.1344842736
   0.5522971647   0.0937735481
   0.5532746818   0.1173086831
   0.5542521989   0.1617745039
   0.5552297160   0.2209713269
   0.5562072331   0.1373260292
   0.5571847502   0.2363594981
   0.5581622673   0.1771312347
   0.5591397844   0.3707164914
   0.5601173015   0.3742051675
   0.5610948186   0.2971721151
   0.5620723357   0.3781500471
   0.5630498528   0.4441372551
   0.5640273700   0.4410069693
   0.5650048871   0.4535267267
   0.5659824042   0.5595508693
   0.5669599213   0.5643844192
   0.5679374384   0.4554466533
   0.5689149555   0.5714726249
   0.5698924726   0.6290922571
   0.5708699897   0.5300792285
   0.5718475068   0.5455492086
   0.5728250239   0.6820338322
   0.5738025410   0.6829886855
   0.5747800581   0.7272643598
   0.5757575752   0.7715433810
   0.5767350923   0.6876229415
   0.5777126094   0.7203636896
   0.5786901265   0.7615849157
   0.5796676436   0.7038759175
   0.5806451607   0.8909625252
   0.5816226779   0.9061357231
   0.5826001950   0.7749987608
   0.5835777121   0.9339713849
   0.5845552292   0.8667385117
   0.5855327463   0.9179336025
   0.5865102634   0.9411122919
   0.5874877805   0.8383379140
   0.5884652976   0.9011856263
   0.5894428147   1.0366348454
   0.5904203318   0.9667808513
   0.5913978489   0.9926849136
   0.5923753660   0.9570694416
   0.5933528831   1.0710686131
   0.5943304002   0.9078020894
   0.5953079173   1.0448261947
   0.5962854344   1.0613847316
   0.5972629515   1.0232153646
   0.5982404687   1.0009323337
   0.5992179858   1.0433259321
   0.6001955029   0.9298101514
   0.6011730200   0.9022364722
   0.6021505371   0.9731389240
   0.6031280542   0.9672466825
   0.6041055713   1.0445944391
   0.6050830884   0.9182018727
   0.6060606055   0.9813473108
   0.6070381226   1.0702569609
   0.6080156397   1.0237771068
   0.6089931568   0.9369366536
   0.6099706739   1.0279269349
   0.6109481910   1.0242742658
   0.6119257081   1.0278435869
   0.6129032252   0.9083855750
   0.6138807423   0.9562296438
   0.6148582594   0.8321658559
   0.6158357766   0.9230426627
   0.6168132937   0.7882404393
   0.6177908108   0.8444469364
   0.6187683279   0.8007838029
   0.6197458450   0.8292243129
   0.6207233621   0.8340825206
   0.6217008792   0.7980294292
   0.6226783963   0.7624833363
   0.6236559134   0.7685447090
   0.6246334305   0.7189364301
   0.6256109476   0.7129885220
   0.6265884647   0.6194649652
   0.6275659818   0.6606044129
   0.6285434989   0.7211563386
   0.6295210160   0.6352538954
   0.6304985331   0.6340894412
   0.6314760502   0.6443280913
   0.6324535673   0.5202569673
   0.6334310845   0.5079594755
   0.6344086016   0.5403106261
   0.6353861187   0.4143749616
   0.6363636358   0.4175890461
   0.6373411529   0.3949093933
   0.6383186700   0.3213091208
   0.6392961871   0.3970097845
   0.6402737042   0.2790586784
   0.6412512213   0.2429632820
   0.6422287384   0.2091507775
   0.6432062555   0.2516504829
   0.6441837726   0.2483918910
   0.6451612897   0.1979945113
   0.6461388068   0.1685194188
   0.6471163239   0.1802662684
   0.6480938410  -0.0308031651
   0.6490713581  -0.0000337782
   0.6500488752   0.0396966508
   0.6510263924   0.0369034714
   0.6520039095  -0.0417108635
   0.6529814266  -0.1466388305
   0.6539589437  -0.1998018557
   0.6549364608  -0.2139958499
   0.6559139779  -0.2281572863
   0.6568914950  -0.1369265687
   0.6578690121  -0.1867451109
   0.6588465292  -0.2969026983
   0.6598240463  -0.2154042415
   0.6608015634  -0.3424070400
   0.6617790805  -0.2629764745
   0.6627565976  -0.3726722530
   0.6637341147  -0.3839658116
   0.6647116318  -0.5180523544
   0.6656891489  -0.3835562099
   0.6666666660  -0.5265042407
   0.6676441832  -0.4533242415
   0.6686217003  -0.4821165014
   0.6695992174  -0.6053763504
   0.6705767345  -0.6902423260
   0.6715542516  -0.7123399394
   0.6725317687  -0.5661213053
   0.6735092858  -0.7276470378
   0.6744868029  -0.7899463039
   0.6754643200  -0.8064926504
   0.6764418371  -0.8321268917
   0.6774193542  -0.8436286395
   0.6783968713  -0.7879924033
   0.6793743884  -0.7946893909
   0.6803519055  -0.8007088892
   0.6813294226  -0.9150247985
   0.6823069397  -0.8250426428
   0.6832844568  -0.8567294058
   0.6842619739  -0.8318382135
   0.6852394911  -0.9854775517
   0.6862170082  -0.8912091820
   0.6871945253  -0.9778952307
   0.6881720424  -0.8668479261
   0.6891495595  -0.9653398175
   0.6901270766  -0.9384722186
   0.6911045937  -0.9838250953
   0.6920821108  -0.9230993705
   0.6930596279  -1.0190425758
   0.6940371450  -1.0794801072
   0.6950146621  -0.9465832551
   0.6959921792  -1.0642756781
   0.6969696963  -1.0825849339
   0.6979472134  -1.0934166799
   0.6989247305  -0.9006059921
   0.6999022476  -0.9722800313
   0.7008797647  -0.9463400327
   0.7018572818  -1.0889379068
   0.7028347990  -1.0780323387
   0.7038123161  -0.9119904252
   0.7047898332  -1.0229062151
   0.7057673503  -0.9086306468
   0.7067448674  -0.9795733061
   0.7077223845  -0.9310510408
   0.7086999016  -0.8957183829
   0.7096774187  -1.0368509140
   0.7106549358  -0.9632246154
   0.7116324529  -0.9073390513
   0.7126099700  -0.9504021917
   0.7135874871  -0.8928513493
   0.7145650042  -0.9342160087
   0.7155425213  -0.8558764224
   0.7165200384  -0.8270195173
   0.7174975555  -0.8242505940
   0.7184750726  -0.9281072785
   0.7194525898  -0.8936904258
   0.7204301069  -0.7817708460
   0.7214076240  -0.7912245161
   0.7223851411  -0.6889506754
   0.7233626582  -0.7917545317
   0.7243401753  -0.6643142105
   0.7253176924  -0.6008741906
   0.7262952095  -0.7441092393
   0.7272727266  -0.6259383894
   0.7282502437  -0.5774239493
   0.7292277608  -0.6440828185
   0.7302052779  -0.5618896719
   0.7311827950  -0.5976307957
   0.7321603121  -0.5902996047
   0.7331378292  -0.4136574642
   0.7341153463  -0.4609586129
   0.7350928634  -0.5400465018
   0.7360703805  -0.4357369901
   0.7370478977  -0.3298461918
   0.7380254148  -0.3705344502
   0.7390029319  -0.2560713079
   0.7399804490  -0.2162634931
   0.7409579661  -0.2376302797
   0.7419354832  -0.2999683871
   0.7429130003  -0.2991818851
   0.7438905174  -0.2298603479
   0.7448680345  -0.1379009430
   0.7458455516  -0.1525023359
   0.7468230687  -0.0466138540
   0.7478005858  -0.1483187181
   0.7487781029  -0.1361285020
   0.7497556200   0.0898823636
   0.7507331371   0.0595020124
   0.7517106542  -0.0451062724
   0.7526881713   0.1764975490
   0.7536656884   0.0793361579
   0.7546432056   0.1071727543
   0.7556207227   0.1739847433
   0.7565982398   0.1423333490
   0.7575757569   0.3290851788
   0.7585532740   0.2003777534
   0.7595307911   0.2386655195
   0.7605083082   0.3326256315
   0.7614858253   0.3575068071
   0.7624633424   0.3898358696
   0.7634408595   0.4126993570
   0.7644183766   0.4578794085
   0.7653958937   0.4060566529
   0.7663734108   0.5825255631
   0.7673509279   0.4762641128
   0.7683284450   0.4620182076
   0.7693059621   0.5169224522
   0.7702834792   0.6345674827
   0.7712609963   0.6768599674
   0.7722385135   0.5826817173
   0.7732160306   0.6233979822
   0.7741935477   0.7869276785
   0.7751710648   0.7429148938
   0.7761485819   0.7319394936
   0.7771260990   0.7552554647
   0.7781036161   0.8104386252
   0.7790811332   0.8124696891
   0.7800586503   0.7242004141
   0.7810361674   0.8087780831
   0.7820136845   0.7514667981
   0.7829912016   0.9350968103
   0.7839687187   0.8345237348
   0.7849462358   0.9037357148
   0.7859237529   0.9657018081
   0.7869012700   1.0056755954
   0.7878787871   0.8629886849
   0.7888563043   1.0047325383
   0.7898338214   0.9572409485
   0.7908113385   0.8627738553
   0.7917888556   0.9358086364
   0.7927663727   0.9425218636
   0.7937438898   1.0424191388
   0.7947214069   0.9397599986
   0.7956989240   1.0269262955
   0.7966764411   1.0816706882
   0.7976539582   1.0864357573
   0.7986314753   1.0808820072
   0.7996089924   1.0636968126
   0.8005865095   0.9247454977
   0.8015640266   0.9801205122
   0.8025415437   0.9319140006
   0.8035190608   1.0811730534
   0.8044965779   0.9642789937
   0.8054740950   1.0492624945
   0.8064516122   1.0298100724
   0.8074291293   1.0535112533
   0.8084066464   0.9372477824
   0.8093841635   0.9391167708
   0.8103616806   0.9988318695
   0.8113391977   0.9914756635
   0.8123167148   0.8526139093
   0.8132942319   0.9080673355
   0.8142717490   0.9354177880
   0.8152492661   0.8785991667
   0.8162267832   0.9663389752
   0.8172043003   0.7705432769
   0.8181818174   0.8085143523
   0.8191593345   0.7736318427
   0.8201368516   0.8574544031
   0.8211143687   0.7438260453
   0.8220918858   0.8637810691
   0.8230694029   0.7613722056
   0.8240469201   0.8210323772
   0.8250244372   0.7402415740
   0.8260019543   0.6947644282
   0.8269794714   0.6276910907
   0.8279569885   0.6329372092
   0.8289345056   0.5458329624
   0.8299120227   0.6282917129
   0.8308895398   0.4980958723
   0.8318670569   0.5295507581
   0.8328445740   0.6112812708
   0.8338220911   0.4817939543
   0.8347996082   0.4376020485
   0.8357771253   0.5290382009
   0.8367546424   0.4686070041
   0.8377321595   0.4667613909
   0.8387096766   0.2719791535
   0.8396871937   0.2981155992
   0.8406647108   0.3492713411
   0.8416422280   0.2607385573
   0.8426197451   0.2861031029
   0.8435972622   0.1270611438
   0.8445747793   0.0839804720
   0.8455522964   0.1137610306
   0.8465298135   0.0807392534
   0.8475073306   0.1679727449
   0.8484848477  -0.0300301914
   0.8494623648  -0.0453704568
   0.8504398819   0.0749924973
   0.8514173990  -0.1370089364
   0.8523949161  -0.1372319059
   0.8533724332  -0.1523810686
   0.8543499503  -0.0489066490
   0.8553274674  -0.1563084572
   0.8563049845  -0.2164702956
   0.8572825016  -0.1342634627
   0.8582600188  -0.2231056020
   0.8592375359  -0.2873387093
   0.8602150530  -0.2775039908
   0.8611925701  -0.3799992068
   0.8621700872  -0.3719313427
   0.8631476043  -0.3710215077
   0.8641251214  -0.4384256536
   0.8651026385  -0.5231011359
   0.8660801556  -0.4210192498
   0.8670576727  -0.6046536085
   0.8680351898  -0.5277047672
   0.8690127069  -0.6363683423
   0.8699902240  -0.6323497083
   0.8709677411  -0.6802986386
   0.8719452582  -0.5655686065
   0.8729227753  -0.5796875646
   0.8739002924  -0.7809711049
   0.8748778095  -0.7438262546
   0.8758553267  -0.7703600102
   0.8768328438  -0.7842762360
   0.8778103609  -0.6908135624
   0.8787878780  -0.8846225037
   0.8797653951  -0.7762390473
   0.8807429122  -0.7281005938
   0.8817204293  -0.7587359871
   0.8826979464  -0.7779142251
   0.8836754635  -0.9054288512
   0.8846529806  -0.8121401255
   0.8856304977  -0.9902000853
   0.8866080148  -0.9990093674
   0.8875855319  -1.0136528601
   0.8885630490  -0.9209263129
   0.8895405661  -1.0345189027
   0.8905180832  -0.9043875502
   0.8914956003  -0.9962847933
   0.8924731174  -0.9142797506
   0.8934506346  -1.0204997725
   0.8944281517  -1.0319144103
   0.8954056688  -0.9127841484
   0.8963831859  -1.0418460555
   0.8973607030  -0.9299154417
   0.8983382201  -1.0967636887
   0.8993157372  -0.9400071112
   0.9002932543  -0.9316436725
   0.9012707714  -0.9973143340
   0.9022482885  -0.9229948392
   0.9032258056  -0.9355781701
   0.9042033227  -0.9663722981
   0.9051808398  -0.9261264208
   0.9061583569  -0.9746769186
   0.9071358740  -0.9987417941
   0.9081133911  -1.0649494320
   0.9090909082  -0.9565191507
   0.9100684253  -1.0061183763
   0.9110459425  -1.0246289560
   0.9120234596  -0.9052469294
   0.9130009767  -0.9779595484
   0.9139784938  -0.8394552346
   0.9149560109  -0.9351871496
   0.9159335280  -0.9122242555
   0.9169110451  -0.8922043717
   0.9178885622  -0.9024177090
   0.9188660793  -0.8282436118
   0.9198435964  -0.8892654861
   0.9208211135  -0.7729509383
   0.9217986306  -0.6968187665
   0.9227761477  -0.8433254203
   0.9237536648  -0.6992471995
   0.9247311819  -0.6452476805
   0.9257086990  -0.6012653377
   0.9266862161  -0.7234233126
   0.9276637333  -0.5870077382
   0.9286412504  -0.5748908069
   0.9296187675  -0.5776898037
   0.9305962846  -0.6625746742
   0.9315738017  -0.6465067028
   0.9325513188  -0.5083039086
   0.9335288359  -0.5211148243
   0.9345063530  -0.5348604122
   0.9354838701  -0.4610076736
   0.9364613872  -0.3590862488
   0.9374389043  -0.3057081860
   0.9384164214  -0.3232481319
   0.9393939385  -0.3408619201
   0.9403714556  -0.3858309802
   0.9413489727  -0.2409253435
   0.9423264898  -0.2135497769
   0.9433040069  -0.2809940802
   0.9442815240  -0.2324500180
   0.9452590412  -0.2158359912
   0.9462365583  -0.2122612736
   0.9472140754  -0.1091268239
   0.9481915925  -0.0190322946
   0.9491691096  -0.0205273055
   0.9501466267   0.0409315260
   0.9511241438   0.0048452263
   0.9521016609   0.0704924469
   0.9530791780   0.1597679107
   0.9540566951   0.0332789807
   0.9550342122   0.2062181505
   0.9560117293   0.1011932226
   0.9569892464   0.1670511597
   0.9579667635   0.2268465330
   0.9589442806   0.3470913178
   0.9599217977   0.2449584002
   0.9608993148   0.4290415955
   0.9618768319   0.4500460798
   0.9628543491   0.4244565111
   0.9638318662   0.4412180023
   0.9648093833   0.5025970454
   0.9657869004   0.5086736596
   0.9667644175   0.4535807006
   0.9677419346   0.5444467915
   0.9687194517   0.6495547895
   0.9696969688   0.5398849818
   0.9706744859   0.6939426329
   0.9716520030   0.6150392059
   0.9726295201   0.7318758522
   0.9736070372   0.7164671156
   0.9745845543   0.6202937875
   0.9755620714   0.7678656833
   0.9765395885   0.7745368821
   0.9775171056   0.7198088549
   0.9784946227   0.8121323054
   0.9794721399   0.7535013007
   0.9804496570   0.8515300332
   0.9814271741   0.8473929831
   0.9824046912   0.8951977966
   0.9833822083   0.8935165558
   0.9843597254   0.8015832746
   0.9853372425   0.8750014086
   0.9863147596   0.8754567816
   0.9872922767   0.8214362054
   0.9882697938   0.9813038058
   0.9892473109   0.8479142712
   0.9902248280   0.8667095148
   0.9912023451   0.9601509340
   0.9921798622   1.0238918614
   0.9931573793   0.9278966320
   0.9941348964   0.9833253623
   0.9951124135   0.9710247506
   0.9960899306   1.0397605448
   0.9970674478   0.9343303742
   0.9980449649   1.0925550410
   0.9990224820   0.9061959257
   0.9999999991   1.0556994527
   1.0009775162   0.9167357888
