              1   3.9071821285
              2   0.5729406493
              3   2.4096688697
              4   0.4783581811
              5   2.1853324414
              6 514.2064258766
              7   3.0436880489
              8   2.2271175817
              9   1.1419817928
             10   2.3697412635
             11   1.2511567184
             12   1.5370399049
             13   2.0549983656
             14   2.1665752005
             15   0.8741965430
             16   2.2500789077
             17   0.7063851923
             18   2.4499141913
             19   1.5377741931
             20   1.7350651952
             21   1.7229426516
             22   0.2708452531
             23   2.2259692408
             24   2.0379811812
             25   1.2880953257
             26   1.4800021609
             27   0.8028756290
             28   2.1482531868
             29   1.2360788919
             30   3.4892129404
             31   1.8765622629
             32   2.2717556292
             33   1.6048072925
             34   3.1703560200
             35   1.2612780764
             36   1.0573807873
             37   0.6894583058
             38   0.6386375763
             39   2.4675215053
             40   0.3099963824
             41   1.9513296150
             42   1.8557643617
             43   1.2247200150
             44   1.6053091923
             45   0.9452661594
             46   2.6783285408
             47   1.5897794816
             48   2.3102822121
             49   2.3935026746
             50   1.2551287539
             51   1.9968125990
             52   2.5475418744
             53   2.2477492579
             54   1.9345594749
             55   0.7970947340
             56   1.9945188424
             57   1.9810457799
             58   1.9824040646
             59   2.4309558948
             60   1.5313314699
             61   1.8010993716
             62   1.9568049492
             63   1.3968745576
             64   3.7822790758
             65   1.2249250612
             66   2.0105688541
             67   0.5165435525
             68   1.1088465150
             69   1.4943361087
             70   1.6077909591
             71   3.8800967741
             72   0.8883105341
             73   0.8800681089
             74   0.8446023654
             75   0.2795864462
             76   0.4149592355
             77   2.4304696793
             78   2.2338139915
             79   2.4976943279
             80   0.9800329223
             81   1.2487595454
             82   0.7332629888
             83   2.1940835043
             84   0.8302761488
             85   3.3242660308
             86   2.7073064767
             87   4.5547793834
             88   2.1402228521
             89   4.0626250610
             90   1.6577257647
             91   2.3892652883
             92   2.3050650058
             93   0.2489699802
             94   1.6648798175
             95   1.4723103057
             96   0.4678500347
             97   1.6318159213
             98   0.7844622286
             99   0.8580053119
            100   0.6121915570
            101   0.8558892008
            102   0.5384612563
            103   1.4727937113
            104   3.5895582465
            105   2.0384544359
            106   0.8564357550
            107   1.2619024409
            108   1.1303487166
            109   2.1906849802
            110   0.2512401955
            111   1.9926252572
            112   1.5550528565
            113   0.8666481670
            114   1.8432882427
            115   1.9419624617
            116   0.7330520874
            117   0.8158714748
            118   0.3583124118
            119   0.8413568304
            120   2.0069655851
            121   1.6729497155
            122   3.1875799222
            123   0.5649473640
            124   0.9013016318
            125   1.4325110362
            126   1.4144460714
            127   1.5676355731
            128   2.0364107458
            129   2.8263401663
            130   1.5002814282
            131   2.2741340366
            132   1.0835905747
            133   1.2954366525
            134   1.1540583266
            135   0.3817312444
            136   2.0295433743
            137   1.2630958232
            138   1.2521260968
            139   1.0182616329
            140   1.5856836165
            141   0.5595392735
            142   1.0411523443
            143   2.4568021441
            144   1.0371501348
            145   0.8072267074
            146   1.1825258622
            147   1.1368808218
            148   2.7559123025
            149   0.4536665376
            150   0.6030021018
            151   1.0938553396
            152   1.2142496566
            153   2.4265653767
            154   1.1610145667
            155   1.1513641556
            156   2.3435849960
            157   0.3616458479
            158   2.4960899628
            159   1.3634511252
            160   1.0704859121
            161   0.4945856408
            162   1.0401005456
            163   1.5343628948
            164   0.9103646701
            165   1.2402341823
            166   0.6655729497
            167   1.6948950999
            168   1.3819532388
            169   2.1178907963
            170   3.2345871162
            171   1.3583440074
            172   1.3019526391
            173   1.4694705580
            174   2.0991640069
            175   2.2877455949
            176   1.3094646576
            177   1.8440328256
            178   1.7125094154
            179   1.5807215050
            180   1.5405039642
            181   0.8900243348
            182   2.8020376973
            183   3.0417674954
            184   1.5163563631
            185   2.7705902293
            186   2.1930809598
            187   1.5093290034
            188   0.9650120642
            189   1.6517350896
            190   2.4065935431
            191   1.9743097810
            192   1.0339037150
            193   0.5838572673
            194   0.3917901746
            195   1.5320215830
            196   1.8081053168
            197   1.2483518126
            198   1.1988446694
            199   1.5935468100
            200   0.3621639830
            201   1.9178775723
            202   2.4098433761
            203   1.4916789722
            204   1.8598199257
            205   0.3644563094
            206   1.3167366328
            207   1.2484197523
            208   2.3360680302
            209   2.3255104677
            210   1.6840695556
            211   3.0999784266
            212   2.5118619858
            213   1.7632592224
            214   0.8411109647
            215   1.5267199045
            216   0.8805190177
            217   1.0564004301
            218   1.8476442409
            219   2.0644204623
            220   1.3551088760
            221   2.4151530880
            222   1.2831358275
            223   1.2227545700
            224   1.5981399089
            225   0.7216594996
            226   1.8087129126
            227   1.1714217015
            228   4.1613067121
            229   1.9205175029
            230   2.2374684296
            231   0.4110366376
            232   2.1386606168
            233   1.6656424958
            234   1.8089955213
            235   2.1903470593
            236   2.2189584887
            237   2.9066524044
            238   2.0506710307
            239   2.6817091225
            240   2.3767015024
            241   2.9844650409
            242   3.1061920819
            243   0.2948944760
            244   1.1957389050
            245   2.0850665464
            246   3.7170633490
            247   1.9189883192
            248   0.7193944770
            249   1.5408764881
            250   2.1645989540
            251   1.3624152570
            252   1.0576462075
            253   0.7393049531
            254   4.2536839061
            255   0.5423037311
            256   1.5774027658
            257   1.0963382099
            258   1.6738569624
            259   0.5911017215
            260   2.0586484658
            261   2.1329195964
            262   0.5862279702
            263   1.5058205630
            264   1.0579385314
            265   2.1033460390
            266   3.9528758776
            267   2.1101030984
            268   1.3717532176
            269   1.8565930726
            270   1.8423777373
            271   2.5476615289
            272   2.7502022084
            273   1.7890941855
            274   3.0210812887
            275   0.5425296352
            276   2.7378741369
            277   1.8836485239
            278   1.4421978235
            279   1.8893931941
            280   2.9189870755
            281   0.2454610447
            282   0.7494780182
            283   3.1375263562
            284   0.5201685986
            285   1.4064504736
            286   2.6893885781
            287   2.5375795858
            288   1.1396637829
            289   2.3581938494
            290   0.8331599883
            291   1.1995010609
            292   0.8272446141
            293   1.5708149598
            294   0.9259964291
            295   1.7667122294
            296   1.9053459840
            297   1.1523478874
            298   1.8017248366
            299   2.3675239622
            300   2.4169469260
            301   1.4654908830
            302   1.8554608829
            303   1.3266863298
            304   2.0237096801
            305   0.9266734520
            306   1.3621901165
            307   0.7524303000
            308   1.1388952833
            309   0.4223431486
            310   2.0164134182
            311   2.1538739302
            312   1.2537783716
            313   1.6900284027
            314   1.2872141825
            315   1.6220934291
            316   0.3793645779
            317   1.9457730368
            318   1.6707523020
            319   2.2996494285
            320   1.7888533416
            321   1.9110751884
            322   2.7784806104
            323   2.8672876246
            324   0.0873427064
            325   2.9490681959
            326   0.6062785770
            327   3.1714059525
            328   3.6068271184
            329   1.0600546041
            330   1.9226934050
            331   0.8871619727
            332   0.6041049506
            333   0.8180460165
            334   2.2226550922
            335   1.6829038658
            336   0.7204591070
            337   1.7609234823
            338   0.7478808437
            339   0.6724895265
            340   2.6248823388
            341   0.3893242264
            342   3.3783019508
            343   2.3905862024
            344   2.6304879104
            345   3.5529559295
            346   1.0892666373
            347   0.6646251576
            348   0.5304267546
            349   0.3676130868
            350   0.4210169301
            351   0.1249628563
            352   0.5860076003
            353   0.4603609933
            354   1.2888256168
            355   0.1378145216
            356   3.0075025946
            357   2.0983987218
            358   0.9097225849
            359   1.3191184206
            360   2.1754717104
            361   1.8440175716
            362   2.1214929292
            363   3.0413457439
            364   2.3078714842
            365   2.0655303219
            366   2.1274497668
            367   1.8423248664
            368   1.7759588959
            369   0.3369176304
            370   2.3798949290
            371   1.9028262351
            372   1.4470400930
            373   1.3745363991
            374   1.6873685818
            375   1.8093793081
            376   1.2064378462
            377   0.2233665195
            378   0.8766703795
            379   0.9264738879
            380   2.4719146814
            381   1.4347643111
            382   1.2314974621
            383   2.0209076686
            384   0.5126046463
            385   0.4628238224
            386   0.4095732150
            387   2.8801478794
            388   0.9650794640
            389   0.5268612120
            390   0.9932050630
            391   4.2552316407
            392   1.2681347402
            393   1.1870385230
            394   1.3629661634
            395   2.0902916856
            396   1.2268782396
            397   2.6139883843
            398   0.6579941131
            399   2.1967293275
            400   1.7067697959
            401   1.9502179175
            402   2.7206653103
            403   2.7073104814
            404   1.5873203480
            405   0.9297021429
            406   0.8513020636
            407   2.2141482911
            408   3.0375227155
            409   3.0399864723
            410   1.5960947362
            411   1.6223750772
            412   0.1717164562
            413   2.6154993954
            414   1.2202088938
            415   0.7955447063
            416   1.0785709448
            417   1.3230244182
            418   1.3957106066
            419   3.0199290987
            420   3.4260069861
            421   2.7438445751
            422   1.1567624922
            423   1.2384686773
            424   0.6978843439
            425   2.3914167925
            426   2.5481547381
            427   0.6563919554
            428   2.0659078246
            429   1.6300999456
            430   2.9901902589
            431   1.9362618438
            432   2.2164088413
            433   1.1191519093
            434   2.8242019937
            435   1.0799879385
            436   2.5294686462
            437   1.9558017783
            438   1.6678132593
            439   1.6534698506
            440   0.7523913494
            441   1.5367455102
            442   1.6292375718
            443   0.8156096959
            444   3.4086716765
            445   1.4316200801
            446   1.1050523722
            447   1.1438768632
            448   1.3102223150
            449   1.3354069878
            450   1.5381097146
            451   2.1032649285
            452   1.0614804650
            453   1.5565652561
            454   0.7115195608
            455   3.7384398814
            456   2.5503932687
            457   0.9638159932
            458   2.3213065955
            459   1.7051225106
            460   2.7243033402
            461   1.7659851405
            462   2.3193441398
            463   2.2730533194
            464   1.9157823441
            465   1.1017046873
            466   1.5178086368
            467   0.9335203195
            468   1.5505855992
            469   2.4880211531
            470   0.5872658371
            471   2.7897040539
            472   1.9563823471
            473   2.1261729952
            474   0.6357064185
            475   3.1469039657
            476   0.4625538381
            477   0.6065252485
            478   1.3118249769
            479   3.4393087758
            480   1.1883419662
            481   1.5880159175
            482   3.6166243802
            483   2.9138387621
            484   0.4636732251
            485   2.1791784249
            486   3.0031084801
            487   2.7485323061
            488   3.0708662665
            489   1.7100622332
            490   1.8637369957
            491   1.4025598418
            492   0.6120806633
            493   1.5317385146
            494   2.5481362799
            495   2.5090727913
            496   3.5751994690
            497   1.0531589049
            498   2.2014402853
            499   0.4469717006
            500   2.1320129375
            501   1.2396066547
            502   1.5029779533
            503   2.7917880801
            504   2.9053531639
            505   1.4481339049
            506   0.6744583191
            507   2.6022283568
            508   1.2755511751
            509   1.4076095382
            510   1.0676844931
            511   1.3322411631
            512   2.4151772823
            513   1.7426266046
